psi	Mdot	M	Rd	n_big
0.01	1e-09	0.05	50	0
0.01	1e-09	0.05	100	0
0.01	1e-09	0.05	150	0
0.01	1e-09	0.05	200	1
0.01	1e-09	0.075	50	0
0.01	1e-09	0.075	100	0
0.01	1e-09	0.075	150	0
0.01	1e-09	0.075	200	0
0.01	1e-09	0.1	50	0
0.01	1e-09	0.1	100	0
0.01	1e-09	0.1	150	0
0.01	1e-09	0.1	200	0
0.01	1e-09	0.125	50	0
0.01	1e-09	0.125	100	0
0.01	1e-09	0.125	150	0
0.01	1e-09	0.125	200	0
0.01	1e-09	0.15	100	0
0.01	1e-09	0.15	150	0
0.01	1e-09	0.15	200	1
0.01	3e-09	0.05	50	7
0.01	3e-09	0.05	100	8
0.01	3e-09	0.05	150	7
0.01	3e-09	0.05	200	6
0.01	3e-09	0.075	50	8
0.01	3e-09	0.075	100	9
0.01	3e-09	0.075	150	9
0.01	3e-09	0.075	200	9
0.01	3e-09	0.1	50	8
0.01	3e-09	0.1	100	10
0.01	3e-09	0.1	150	10
0.01	3e-09	0.1	200	10
0.01	3e-09	0.125	50	7
0.01	3e-09	0.125	100	11
0.01	3e-09	0.125	150	10
0.01	3e-09	0.125	200	10
0.01	3e-09	0.15	50	6
0.01	3e-09	0.15	100	11
0.01	3e-09	0.15	150	11
0.01	3e-09	0.15	200	10
0.01	1e-08	0.05	50	8
0.01	1e-08	0.05	100	6
0.01	1e-08	0.05	150	2
0.01	1e-08	0.05	200	0
0.01	1e-08	0.075	50	10
0.01	1e-08	0.075	100	9
0.01	1e-08	0.075	150	8
0.01	1e-08	0.075	200	5
0.01	1e-08	0.1	50	10
0.01	1e-08	0.1	100	9
0.01	1e-08	0.1	150	10
0.01	1e-08	0.1	200	8
0.01	1e-08	0.125	50	11
0.01	1e-08	0.125	100	10
0.01	1e-08	0.125	150	9
0.01	1e-08	0.125	200	10
0.01	1e-08	0.15	50	11
0.01	1e-08	0.15	100	10
0.01	1e-08	0.15	150	9
0.01	1e-08	0.15	200	9
0.01	3e-08	0.05	50	0
0.01	3e-08	0.05	100	0
0.01	3e-08	0.05	150	0
0.01	3e-08	0.05	200	0
0.01	3e-08	0.075	50	6
0.01	3e-08	0.075	100	0
0.01	3e-08	0.075	150	0
0.01	3e-08	0.075	200	0
0.01	3e-08	0.1	50	8
0.01	3e-08	0.1	100	5
0.01	3e-08	0.1	150	0
0.01	3e-08	0.1	200	0
0.01	3e-08	0.125	50	8
0.01	3e-08	0.125	100	8
0.01	3e-08	0.125	150	4
0.01	3e-08	0.125	200	0
0.01	3e-08	0.15	50	8
0.01	3e-08	0.15	100	8
0.01	3e-08	0.15	150	7
0.01	3e-08	0.15	200	4
0.01	1e-07	0.05	50	0
0.01	1e-07	0.05	100	0
0.01	1e-07	0.05	150	0
0.01	1e-07	0.075	50	0
0.01	1e-07	0.075	100	0
0.01	1e-07	0.075	150	0
0.01	1e-07	0.075	200	0
0.01	1e-07	0.1	50	0
0.01	1e-07	0.1	100	0
0.01	1e-07	0.1	150	0
0.01	1e-07	0.1	200	0
0.01	1e-07	0.125	50	0
0.01	1e-07	0.125	100	0
0.01	1e-07	0.125	150	0
0.01	1e-07	0.125	200	0
0.01	1e-07	0.15	50	1
0.01	1e-07	0.15	100	0
0.01	1e-07	0.15	150	0
0.01	1e-07	0.15	200	0
0.01	3e-07	0.075	50	0
0.01	3e-07	0.1	50	0
0.01	3e-07	0.125	50	0
0.01	3e-07	0.15	50	0
0.01	3e-07	0.15	100	0
10	1e-09	0.05	150	6
10	1e-09	0.05	200	6
10	1e-09	0.075	200	6
10	3e-09	0.05	50	10
10	3e-09	0.05	100	9
10	3e-09	0.05	150	8
10	3e-09	0.05	200	6
10	3e-09	0.075	100	10
10	3e-09	0.075	150	9
10	3e-09	0.075	200	9
10	3e-09	0.1	100	10
10	3e-09	0.1	150	9
10	3e-09	0.1	200	9
10	3e-09	0.125	100	10
10	3e-09	0.125	150	10
10	3e-09	0.125	200	9
10	3e-09	0.15	150	10
10	3e-09	0.15	200	10
10	1e-08	0.05	50	8
10	1e-08	0.05	100	7
10	1e-08	0.05	150	5
10	1e-08	0.05	200	4
10	1e-08	0.075	50	9
10	1e-08	0.075	100	8
10	1e-08	0.075	150	7
10	1e-08	0.075	200	7
10	1e-08	0.1	50	9
10	1e-08	0.1	100	8
10	1e-08	0.1	150	8
10	1e-08	0.1	200	7
10	1e-08	0.125	50	9
10	1e-08	0.125	100	8
10	1e-08	0.125	150	8
10	1e-08	0.125	200	8
10	1e-08	0.15	50	9
10	1e-08	0.15	100	9
10	1e-08	0.15	150	8
10	1e-08	0.15	200	8
10	3e-08	0.05	50	5
10	3e-08	0.05	100	5
10	3e-08	0.05	150	2
10	3e-08	0.05	200	1
10	3e-08	0.075	50	6
10	3e-08	0.075	100	6
10	3e-08	0.075	150	6
10	3e-08	0.075	200	5
10	3e-08	0.1	50	8
10	3e-08	0.1	100	7
10	3e-08	0.1	150	7
10	3e-08	0.1	200	6
10	3e-08	0.125	50	8
10	3e-08	0.125	100	7
10	3e-08	0.125	150	6
10	3e-08	0.125	200	7
10	3e-08	0.15	50	9
10	3e-08	0.15	100	7
10	3e-08	0.15	150	7
10	3e-08	0.15	200	6
10	1e-07	0.05	50	2
10	1e-07	0.05	100	0
10	1e-07	0.05	150	0
10	1e-07	0.05	200	0
10	1e-07	0.075	50	5
10	1e-07	0.075	100	2
10	1e-07	0.075	150	0
10	1e-07	0.075	200	0
10	1e-07	0.1	50	4
10	1e-07	0.1	100	6
10	1e-07	0.1	150	3
10	1e-07	0.1	200	0
10	1e-07	0.125	50	4
10	1e-07	0.125	100	6
10	1e-07	0.125	150	6
10	1e-07	0.125	200	3
10	1e-07	0.15	50	4
10	1e-07	0.15	100	6
10	1e-07	0.15	150	6
10	1e-07	0.15	200	6
10	3e-07	0.05	50	0
10	3e-07	0.05	100	0
10	3e-07	0.05	150	0
10	3e-07	0.05	200	0
10	3e-07	0.075	50	0
10	3e-07	0.075	100	0
10	3e-07	0.075	150	0
10	3e-07	0.075	200	0
10	3e-07	0.1	50	0
10	3e-07	0.1	100	0
10	3e-07	0.1	150	0
10	3e-07	0.1	200	0
10	3e-07	0.125	50	0
10	3e-07	0.125	100	0
10	3e-07	0.125	150	0
10	3e-07	0.125	200	0
10	3e-07	0.15	50	1
10	3e-07	0.15	100	0
10	3e-07	0.15	150	0
10	3e-07	0.15	200	0
10	1e-06	0.05	50	0
10	1e-06	0.075	50	0
10	1e-06	0.075	100	0
10	1e-06	0.1	50	0
10	1e-06	0.1	100	0
10	1e-06	0.1	150	0
10	1e-06	0.125	50	0
10	1e-06	0.125	100	0
10	1e-06	0.125	150	0
10	1e-06	0.125	200	0
10	1e-06	0.15	50	0
10	1e-06	0.15	100	0
10	1e-06	0.15	150	0
10	1e-06	0.15	200	0
